{
  "Code_asc": [
    "長野市",
    "松本市",
    "上田市",
    "岡谷市",
    "飯田市",
    "諏訪市",
    "須坂市",
    "小諸市",
    "伊那市",
    "駒ヶ根市",
    "中野市",
    "大町市",
    "飯山市",
    "茅野市",
    "塩尻市",
    "佐久市",
    "千曲市",
    "東御市",
    "安曇野市",
    "小海町",
    "川上村",
    "南牧村",
    "南相木村",
    "北相木村",
    "佐久穂町",
    "軽井沢町",
    "御代田町",
    "立科町",
    "青木村",
    "長和町",
    "下諏訪町",
    "富士見町",
    "原村",
    "辰野町",
    "箕輪町",
    "飯島町",
    "南箕輪村",
    "中川村",
    "宮田村",
    "松川町",
    "高森町",
    "阿南町",
    "阿智村",
    "平谷村",
    "根羽村",
    "下條村",
    "売木村",
    "天龍村",
    "泰阜村",
    "喬木村",
    "豊丘村",
    "大鹿村",
    "上松町",
    "南木曽町",
    "木祖村",
    "王滝村",
    "大桑村",
    "木曽町",
    "麻績村",
    "生坂村",
    "山形村",
    "朝日村",
    "筑北村",
    "池田町",
    "松川村",
    "白馬村",
    "小谷村",
    "坂城町",
    "小布施町",
    "高山村",
    "山ノ内町",
    "木島平村",
    "野沢温泉村",
    "信濃町",
    "小川村",
    "飯綱町",
    "栄村"
  ],
  "Distance_matrix": [
    [
      0,
      70.3,
      40.4,
      91.8,
      165.0,
      107.0,
      12.3,
      56.0,
      122.0,
      134.0,
      26.1,
      43.5,
      40.0,
      106.0,
      84.4,
      69.3,
      17.1,
      49.0,
      61.9,
      96.1,
      117.0,
      111.0,
      102.0,
      104.0,
      81.0,
      74.2,
      65.2,
      65.3,
      55.8,
      58.0,
      92.6,
      121.0,
      121.0,
      98.0,
      112.0,
      140.0,
      115.0,
      152.0,
      129.0,
      149.0,
      156.0,
      193.0,
      171.0,
      194.0,
      200.0,
      180.0,
      205.0,
      203.0,
      184.0,
      160.0,
      163.0,
      172.0,
      134.0,
      161.0,
      114.0,
      155.0,
      157.0,
      127.0,
      37.1,
      43.1,
      76.3,
      91.6,
      48.1,
      54.8,
      58.8,
      45.1,
      59.7,
      36.8,
      14.1,
      18.9,
      51.8,
      46.4,
      60.7,
      28.1,
      22.8,
      15.0,
      66.6
    ],
    [
      70.3,
      0,
      43.0,
      29.6,
      103.0,
      44.7,
      75.4,
      53.0,
      59.7,
      71.4,
      87.6,
      36.5,
      102.0,
      44.0,
      22.2,
      62.8,
      57.2,
      44.3,
      9.1,
      109.0,
      101.0,
      97.8,
      109.0,
      115.0,
      70.7,
      70.9,
      61.9,
      48.4,
      32.0,
      37.5,
      30.5,
      58.5,
      58.7,
      35.8,
      50.0,
      77.4,
      52.8,
      90.3,
      67.1,
      86.8,
      93.4,
      130.0,
      109.0,
      132.0,
      138.0,
      118.0,
      143.0,
      141.0,
      122.0,
      97.5,
      101.0,
      110.0,
      71.9,
      98.6,
      51.8,
      92.8,
      94.6,
      64.6,
      36.1,
      29.2,
      13.2,
      23.9,
      27.5,
      26.9,
      23.6,
      62.0,
      76.6,
      58.0,
      79.6,
      81.7,
      113.0,
      108.0,
      122.0,
      113.0,
      56.4,
      92.3,
      128.0
    ],
    [
      40.4,
      43.0,
      0,
      54.4,
      131.0,
      57.6,
      47.3,
      22.4,
      88.6,
      100.0,
      59.5,
      57.0,
      73.4,
      59.2,
      65.6,
      35.7,
      20.6,
      11.1,
      45.9,
      62.5,
      83.8,
      77.8,
      68.2,
      70.7,
      47.4,
      40.5,
      31.5,
      24.3,
      18.0,
      19.2,
      52.0,
      70.9,
      62.6,
      67.2,
      78.9,
      106.0,
      81.7,
      119.0,
      96.0,
      116.0,
      122.0,
      159.0,
      138.0,
      160.0,
      167.0,
      146.0,
      172.0,
      170.0,
      151.0,
      126.0,
      130.0,
      139.0,
      115.0,
      142.0,
      95.3,
      136.0,
      138.0,
      108.0,
      28.2,
      41.5,
      56.2,
      67.2,
      35.6,
      52.9,
      57.0,
      66.0,
      80.5,
      14.4,
      51.5,
      53.6,
      85.2,
      79.8,
      94.1,
      85.2,
      43.7,
      64.1,
      100.0
    ],
    [
      91.8,
      29.6,
      54.4,
      0,
      80.3,
      10.1,
      97.0,
      56.2,
      37.5,
      49.1,
      109.0,
      62.5,
      123.0,
      21.8,
      14.0,
      58.3,
      78.8,
      51.9,
      36.2,
      86.5,
      79.1,
      75.6,
      87.1,
      93.0,
      66.1,
      74.4,
      63.9,
      43.6,
      62.3,
      36.0,
      2.9,
      36.3,
      36.4,
      13.1,
      27.8,
      55.1,
      30.5,
      68.0,
      44.9,
      64.6,
      71.2,
      108.0,
      87.0,
      109.0,
      116.0,
      95.3,
      121.0,
      119.0,
      99.5,
      75.2,
      78.8,
      88.0,
      63.7,
      90.4,
      43.6,
      84.6,
      86.4,
      56.4,
      57.7,
      54.7,
      27.4,
      29.0,
      51.8,
      53.2,
      47.2,
      85.6,
      100.0,
      79.6,
      101.0,
      103.0,
      135.0,
      130.0,
      144.0,
      135.0,
      82.5,
      114.0,
      150.0
    ],
    [
      165.0,
      103.0,
      131.0,
      80.3,
      0,
      88.6,
      170.0,
      134.0,
      48.3,
      36.0,
      182.0,
      136.0,
      196.0,
      87.9,
      87.1,
      136.0,
      152.0,
      130.0,
      109.0,
      153.0,
      145.0,
      142.0,
      153.0,
      159.0,
      144.0,
      152.0,
      142.0,
      121.0,
      135.0,
      114.0,
      81.7,
      102.0,
      103.0,
      64.6,
      59.0,
      25.3,
      55.9,
      29.0,
      40.7,
      14.0,
      7.1,
      29.0,
      13.7,
      36.0,
      42.6,
      16.2,
      43.9,
      39.7,
      19.7,
      8.4,
      17.3,
      38.4,
      72.9,
      51.7,
      77.7,
      111.0,
      73.0,
      82.3,
      131.0,
      128.0,
      100.0,
      102.0,
      125.0,
      126.0,
      120.0,
      159.0,
      173.0,
      153.0,
      174.0,
      176.0,
      208.0,
      203.0,
      217.0,
      208.0,
      156.0,
      187.0,
      223.0
    ],
    [
      107.0,
      44.7,
      57.6,
      10.1,
      88.6,
      0,
      113.0,
      59.7,
      46.6,
      58.3,
      125.0,
      78.8,
      139.0,
      8.0,
      30.2,
      61.7,
      95.0,
      55.4,
      52.4,
      74.9,
      67.5,
      63.9,
      75.5,
      81.4,
      69.6,
      77.9,
      67.4,
      44.6,
      78.5,
      39.4,
      8.2,
      24.6,
      24.8,
      16.8,
      25.4,
      64.2,
      27.1,
      77.2,
      54.0,
      73.7,
      80.3,
      117.0,
      96.1,
      118.0,
      125.0,
      104.0,
      130.0,
      128.0,
      109.0,
      84.3,
      87.9,
      97.1,
      79.5,
      106.0,
      59.8,
      100.0,
      102.0,
      72.2,
      73.9,
      70.9,
      43.6,
      45.2,
      68.0,
      69.4,
      63.4,
      102.0,
      116.0,
      69.5,
      117.0,
      120.0,
      151.0,
      146.0,
      160.0,
      151.0,
      98.7,
      130.0,
      166.0
    ],
    [
      12.3,
      75.4,
      47.3,
      97.0,
      170.0,
      113.0,
      0,
      60.7,
      127.0,
      138.0,
      13.0,
      55.8,
      29.9,
      111.0,
      89.2,
      74.1,
      25.1,
      53.7,
      66.6,
      101.0,
      122.0,
      116.0,
      107.0,
      109.0,
      85.8,
      78.9,
      69.9,
      70.1,
      60.6,
      62.8,
      97.4,
      125.0,
      126.0,
      103.0,
      117.0,
      144.0,
      120.0,
      157.0,
      134.0,
      154.0,
      160.0,
      197.0,
      176.0,
      198.0,
      205.0,
      185.0,
      210.0,
      208.0,
      189.0,
      164.0,
      168.0,
      177.0,
      139.0,
      166.0,
      119.0,
      160.0,
      162.0,
      132.0,
      41.9,
      54.3,
      81.1,
      96.3,
      52.8,
      65.7,
      77.6,
      57.5,
      72.0,
      41.5,
      5.1,
      5.4,
      39.0,
      36.3,
      50.7,
      34.2,
      35.1,
      18.1,
      56.6
    ],
    [
      56.0,
      53.0,
      22.4,
      56.2,
      134.0,
      59.7,
      60.7,
      0,
      90.7,
      102.0,
      73.4,
      80.0,
      87.3,
      58.0,
      67.3,
      11.5,
      44.2,
      12.4,
      85.8,
      37.3,
      58.6,
      52.6,
      43.0,
      45.5,
      22.2,
      19.0,
      8.1,
      22.3,
      42.3,
      22.3,
      54.2,
      69.7,
      61.3,
      69.3,
      81.0,
      108.0,
      83.8,
      121.0,
      98.1,
      118.0,
      124.0,
      161.0,
      140.0,
      162.0,
      169.0,
      149.0,
      174.0,
      172.0,
      153.0,
      128.0,
      132.0,
      141.0,
      117.0,
      144.0,
      96.9,
      138.0,
      140.0,
      110.0,
      61.1,
      73.5,
      100.0,
      116.0,
      72.0,
      84.8,
      96.8,
      87.0,
      102.0,
      32.8,
      65.4,
      67.5,
      99.1,
      93.7,
      108.0,
      99.1,
      64.6,
      78.0,
      114.0
    ],
    [
      122.0,
      59.7,
      88.6,
      37.5,
      48.3,
      46.6,
      127.0,
      90.7,
      0,
      12.7,
      139.0,
      92.5,
      153.0,
      44.8,
      44.0,
      92.9,
      109.0,
      86.5,
      66.2,
      110.0,
      102.0,
      98.6,
      110.0,
      116.0,
      101.0,
      109.0,
      98.6,
      78.2,
      92.3,
      70.6,
      38.6,
      59.3,
      59.5,
      21.5,
      17.2,
      20.8,
      8.1,
      31.0,
      9.0,
      31.9,
      38.5,
      75.4,
      54.3,
      76.6,
      83.2,
      62.6,
      88.2,
      86.2,
      66.8,
      42.5,
      46.1,
      46.6,
      44.1,
      70.8,
      32.2,
      65.0,
      66.8,
      36.8,
      87.6,
      84.7,
      57.4,
      59.0,
      81.8,
      83.2,
      77.2,
      116.0,
      130.0,
      110.0,
      131.0,
      133.0,
      165.0,
      160.0,
      174.0,
      165.0,
      112.0,
      144.0,
      180.0
    ],
    [
      134.0,
      71.4,
      100.0,
      49.1,
      36.0,
      58.3,
      138.0,
      102.0,
      12.7,
      0,
      151.0,
      104.0,
      165.0,
      56.7,
      56.0,
      105.0,
      121.0,
      98.5,
      78.1,
      122.0,
      114.0,
      111.0,
      122.0,
      128.0,
      113.0,
      121.0,
      111.0,
      90.2,
      104.0,
      82.6,
      50.6,
      71.2,
      71.4,
      33.4,
      27.8,
      8.6,
      24.7,
      19.0,
      5.2,
      21.7,
      24.7,
      65.3,
      44.2,
      66.4,
      73.1,
      52.5,
      78.1,
      76.0,
      56.7,
      27.2,
      30.7,
      34.7,
      58.5,
      82.1,
      46.5,
      79.4,
      81.1,
      51.2,
      99.6,
      96.6,
      69.3,
      70.9,
      93.7,
      95.1,
      89.1,
      128.0,
      142.0,
      121.0,
      143.0,
      145.0,
      177.0,
      171.0,
      186.0,
      177.0,
      124.0,
      156.0,
      192.0
    ],
    [
      26.1,
      87.6,
      59.5,
      109.0,
      182.0,
      125.0,
      13.0,
      73.4,
      139.0,
      151.0,
      0,
      69.0,
      18.8,
      123.0,
      101.0,
      86.4,
      37.3,
      66.0,
      78.9,
      113.0,
      134.0,
      128.0,
      119.0,
      121.0,
      98.1,
      91.2,
      82.2,
      82.4,
      72.9,
      75.1,
      110.0,
      138.0,
      138.0,
      115.0,
      129.0,
      157.0,
      132.0,
      170.0,
      146.0,
      166.0,
      173.0,
      210.0,
      189.0,
      211.0,
      217.0,
      197.0,
      222.0,
      220.0,
      201.0,
      177.0,
      180.0,
      190.0,
      151.0,
      178.0,
      131.0,
      172.0,
      174.0,
      144.0,
      54.2,
      66.6,
      93.4,
      109.0,
      65.1,
      78.0,
      89.9,
      70.7,
      85.2,
      53.8,
      8.9,
      13.6,
      26.3,
      23.5,
      38.5,
      29.9,
      48.3,
      15.2,
      44.5
    ],
    [
      43.5,
      36.5,
      57.0,
      62.5,
      136.0,
      78.8,
      55.8,
      80.0,
      92.5,
      104.0,
      69.0,
      0,
      85.9,
      77.2,
      55.4,
      93.2,
      37.8,
      72.8,
      30.2,
      120.0,
      135.0,
      131.0,
      126.0,
      128.0,
      105.0,
      98.0,
      89.0,
      75.9,
      41.6,
      65.0,
      63.6,
      91.7,
      91.8,
      68.9,
      83.2,
      111.0,
      85.9,
      123.0,
      100.0,
      120.0,
      127.0,
      164.0,
      142.0,
      165.0,
      171.0,
      151.0,
      176.0,
      174.0,
      155.0,
      131.0,
      134.0,
      143.0,
      105.0,
      132.0,
      85.0,
      126.0,
      128.0,
      97.8,
      29.4,
      17.6,
      47.3,
      62.6,
      34.1,
      12.6,
      16.6,
      25.5,
      40.1,
      52.1,
      64.0,
      61.9,
      97.7,
      92.3,
      107.0,
      64.4,
      21.3,
      58.0,
      113.0
    ],
    [
      40.0,
      102.0,
      73.4,
      123.0,
      196.0,
      139.0,
      29.9,
      87.3,
      153.0,
      165.0,
      18.8,
      85.9,
      0,
      137.0,
      116.0,
      100.0,
      51.5,
      80.1,
      93.0,
      127.0,
      149.0,
      143.0,
      133.0,
      135.0,
      112.0,
      105.0,
      96.3,
      96.5,
      87.0,
      89.2,
      124.0,
      152.0,
      152.0,
      129.0,
      143.0,
      171.0,
      146.0,
      184.0,
      160.0,
      180.0,
      187.0,
      224.0,
      203.0,
      225.0,
      232.0,
      211.0,
      237.0,
      234.0,
      215.0,
      191.0,
      194.0,
      204.0,
      165.0,
      192.0,
      145.0,
      186.0,
      188.0,
      158.0,
      68.3,
      80.8,
      107.0,
      123.0,
      79.2,
      92.1,
      104.0,
      84.8,
      99.4,
      67.9,
      25.2,
      32.6,
      41.5,
      15.3,
      26.7,
      35.7,
      62.5,
      23.3,
      32.6
    ],
    [
      106.0,
      44.0,
      59.2,
      21.8,
      87.9,
      8.0,
      111.0,
      58.0,
      44.8,
      56.7,
      123.0,
      77.2,
      137.0,
      0,
      28.9,
      57.9,
      93.7,
      55.5,
      51.1,
      45.5,
      66.2,
      62.6,
      74.2,
      62.7,
      56.0,
      73.7,
      63.6,
      38.2,
      77.1,
      40.9,
      14.4,
      17.0,
      12.7,
      21.8,
      35.5,
      62.9,
      38.3,
      75.8,
      52.6,
      72.3,
      79.0,
      116.0,
      94.8,
      117.0,
      124.0,
      103.0,
      129.0,
      127.0,
      107.0,
      83.0,
      86.6,
      95.8,
      78.2,
      105.0,
      58.5,
      99.1,
      101.0,
      70.9,
      72.5,
      69.6,
      42.3,
      43.8,
      66.7,
      68.1,
      62.1,
      100.0,
      115.0,
      71.0,
      116.0,
      118.0,
      150.0,
      144.0,
      159.0,
      150.0,
      97.4,
      129.0,
      165.0
    ],
    [
      84.4,
      22.2,
      65.6,
      14.0,
      87.1,
      30.2,
      89.2,
      67.3,
      44.0,
      56.0,
      101.0,
      55.4,
      116.0,
      28.9,
      0,
      69.2,
      70.8,
      62.8,
      28.2,
      93.2,
      85.8,
      82.3,
      93.8,
      99.7,
      77.0,
      85.3,
      74.8,
      54.5,
      54.3,
      46.9,
      14.9,
      43.0,
      43.1,
      17.3,
      34.4,
      61.8,
      37.2,
      74.7,
      51.6,
      71.3,
      77.9,
      115.0,
      93.7,
      116.0,
      123.0,
      102.0,
      128.0,
      126.0,
      106.0,
      81.9,
      85.5,
      94.7,
      50.6,
      77.3,
      30.6,
      71.5,
      73.3,
      43.3,
      49.6,
      46.7,
      12.4,
      15.5,
      43.8,
      45.2,
      39.2,
      77.6,
      92.1,
      71.5,
      93.2,
      95.3,
      127.0,
      121.0,
      136.0,
      127.0,
      74.5,
      106.0,
      142.0
    ],
    [
      69.3,
      62.8,
      35.7,
      58.3,
      136.0,
      61.7,
      74.1,
      11.5,
      92.9,
      105.0,
      86.4,
      93.2,
      100.0,
      57.9,
      69.2,
      0,
      61.8,
      30.0,
      65.5,
      23.8,
      45.1,
      39.1,
      29.5,
      32.0,
      10.9,
      22.0,
      12.0,
      22.7,
      59.9,
      26.0,
      55.2,
      68.4,
      60.4,
      70.3,
      82.0,
      109.0,
      84.8,
      122.0,
      99.1,
      119.0,
      125.0,
      162.0,
      141.0,
      163.0,
      170.0,
      150.0,
      175.0,
      173.0,
      154.0,
      129.0,
      133.0,
      142.0,
      118.0,
      145.0,
      97.9,
      139.0,
      141.0,
      111.0,
      78.7,
      91.1,
      81.6,
      83.2,
      89.6,
      102.0,
      76.6,
      105.0,
      119.0,
      50.4,
      83.0,
      85.1,
      117.0,
      111.0,
      126.0,
      117.0,
      82.3,
      95.6,
      132.0
    ],
    [
      17.1,
      57.2,
      20.6,
      78.8,
      152.0,
      95.0,
      25.1,
      44.2,
      109.0,
      121.0,
      37.3,
      37.8,
      51.5,
      93.7,
      70.8,
      61.8,
      0,
      37.3,
      48.0,
      84.4,
      106.0,
      99.7,
      90.1,
      92.6,
      69.3,
      62.5,
      53.5,
      53.6,
      33.1,
      37.8,
      78.7,
      107.0,
      107.0,
      84.1,
      98.3,
      126.0,
      101.0,
      139.0,
      115.0,
      135.0,
      142.0,
      179.0,
      158.0,
      180.0,
      186.0,
      166.0,
      191.0,
      189.0,
      170.0,
      146.0,
      149.0,
      159.0,
      120.0,
      147.0,
      100.0,
      141.0,
      143.0,
      113.0,
      23.2,
      35.7,
      62.4,
      77.7,
      34.1,
      47.0,
      59.0,
      44.7,
      59.3,
      13.6,
      29.4,
      31.5,
      63.1,
      57.7,
      72.1,
      63.1,
      22.4,
      42.0,
      78.0
    ],
    [
      49.0,
      44.3,
      11.1,
      51.9,
      130.0,
      55.4,
      53.7,
      12.4,
      86.5,
      98.5,
      66.0,
      72.8,
      80.1,
      55.5,
      62.8,
      30.0,
      37.3,
      0,
      47.9,
      52.6,
      73.8,
      67.8,
      58.2,
      60.8,
      37.5,
      27.2,
      18.2,
      17.8,
      27.0,
      16.2,
      48.4,
      67.2,
      58.8,
      63.6,
      75.2,
      103.0,
      78.0,
      116.0,
      92.4,
      112.0,
      119.0,
      156.0,
      135.0,
      157.0,
      163.0,
      143.0,
      168.0,
      166.0,
      147.0,
      123.0,
      126.0,
      136.0,
      111.0,
      138.0,
      91.1,
      132.0,
      134.0,
      104.0,
      53.8,
      66.2,
      58.2,
      69.1,
      64.7,
      77.6,
      59.0,
      79.7,
      94.3,
      25.5,
      58.2,
      60.2,
      91.9,
      86.4,
      101.0,
      91.8,
      57.4,
      70.8,
      107.0
    ],
    [
      61.9,
      9.1,
      45.9,
      36.2,
      109.0,
      52.4,
      66.6,
      85.8,
      66.2,
      78.1,
      78.9,
      30.2,
      93.0,
      51.1,
      28.2,
      65.5,
      48.0,
      47.9,
      0,
      113.0,
      105.0,
      102.0,
      113.0,
      119.0,
      74.2,
      74.4,
      65.5,
      52.0,
      31.0,
      41.0,
      34.5,
      62.6,
      62.7,
      39.8,
      54.1,
      81.4,
      56.8,
      94.3,
      71.2,
      90.9,
      97.5,
      134.0,
      113.0,
      136.0,
      142.0,
      122.0,
      147.0,
      145.0,
      126.0,
      102.0,
      105.0,
      114.0,
      76.0,
      103.0,
      55.9,
      96.8,
      98.6,
      68.6,
      27.4,
      23.4,
      17.3,
      27.6,
      20.5,
      20.8,
      13.0,
      53.2,
      67.8,
      49.3,
      71.0,
      73.1,
      105.0,
      99.3,
      114.0,
      105.0,
      50.1,
      83.6,
      120.0
    ],
    [
      96.1,
      109.0,
      62.5,
      86.5,
      153.0,
      74.9,
      101.0,
      37.3,
      110.0,
      122.0,
      113.0,
      120.0,
      127.0,
      45.5,
      93.2,
      23.8,
      84.4,
      52.6,
      113.0,
      0,
      25.5,
      19.5,
      15.3,
      17.8,
      14.0,
      49.0,
      38.8,
      46.6,
      82.1,
      49.9,
      87.5,
      48.8,
      53.0,
      98.6,
      99.5,
      127.0,
      102.0,
      140.0,
      117.0,
      136.0,
      143.0,
      180.0,
      159.0,
      181.0,
      188.0,
      167.0,
      193.0,
      191.0,
      171.0,
      147.0,
      151.0,
      160.0,
      142.0,
      169.0,
      123.0,
      163.0,
      165.0,
      135.0,
      101.0,
      113.0,
      106.0,
      108.0,
      112.0,
      125.0,
      126.0,
      127.0,
      141.0,
      72.7,
      105.0,
      107.0,
      139.0,
      134.0,
      148.0,
      139.0,
      105.0,
      118.0,
      154.0
    ],
    [
      117.0,
      101.0,
      83.8,
      79.1,
      145.0,
      67.5,
      122.0,
      58.6,
      102.0,
      114.0,
      134.0,
      135.0,
      149.0,
      66.2,
      85.8,
      45.1,
      106.0,
      73.8,
      105.0,
      25.5,
      0,
      20.3,
      15.2,
      24.1,
      35.3,
      70.3,
      60.1,
      67.9,
      103.0,
      71.2,
      80.1,
      41.4,
      45.5,
      91.2,
      92.1,
      119.0,
      94.9,
      132.0,
      109.0,
      129.0,
      136.0,
      172.0,
      151.0,
      174.0,
      180.0,
      160.0,
      185.0,
      183.0,
      164.0,
      140.0,
      143.0,
      152.0,
      135.0,
      161.0,
      115.0,
      156.0,
      157.0,
      127.0,
      129.0,
      126.0,
      98.9,
      100.0,
      123.0,
      125.0,
      119.0,
      157.0,
      172.0,
      94.0,
      127.0,
      129.0,
      160.0,
      155.0,
      169.0,
      160.0,
      126.0,
      139.0,
      175.0
    ],
    [
      111.0,
      97.8,
      77.8,
      75.6,
      142.0,
      63.9,
      116.0,
      52.6,
      98.6,
      111.0,
      128.0,
      131.0,
      143.0,
      62.6,
      82.3,
      39.1,
      99.7,
      67.8,
      102.0,
      19.5,
      20.3,
      0,
      20.1,
      25.9,
      29.3,
      64.2,
      54.1,
      61.9,
      97.4,
      65.2,
      76.5,
      37.9,
      42.0,
      87.6,
      88.6,
      116.0,
      91.3,
      129.0,
      106.0,
      125.0,
      132.0,
      169.0,
      148.0,
      170.0,
      177.0,
      156.0,
      182.0,
      180.0,
      160.0,
      136.0,
      140.0,
      149.0,
      131.0,
      158.0,
      112.0,
      152.0,
      154.0,
      124.0,
      116.0,
      123.0,
      95.3,
      96.9,
      120.0,
      121.0,
      115.0,
      142.0,
      157.0,
      87.9,
      121.0,
      123.0,
      154.0,
      149.0,
      163.0,
      154.0,
      120.0,
      133.0,
      169.0
    ],
    [
      102.0,
      109.0,
      68.2,
      87.1,
      153.0,
      75.5,
      107.0,
      43.0,
      110.0,
      122.0,
      119.0,
      126.0,
      133.0,
      74.2,
      93.8,
      29.5,
      90.1,
      58.2,
      113.0,
      15.3,
      15.2,
      20.1,
      0,
      9.2,
      19.4,
      54.3,
      44.2,
      51.9,
      87.5,
      55.3,
      88.1,
      49.4,
      53.6,
      99.2,
      100.0,
      127.0,
      103.0,
      140.0,
      117.0,
      137.0,
      144.0,
      180.0,
      159.0,
      182.0,
      188.0,
      168.0,
      193.0,
      191.0,
      172.0,
      148.0,
      151.0,
      160.0,
      143.0,
      169.0,
      123.0,
      164.0,
      165.0,
      135.0,
      106.0,
      119.0,
      107.0,
      108.0,
      117.0,
      133.0,
      127.0,
      132.0,
      147.0,
      78.0,
      111.0,
      113.0,
      144.0,
      139.0,
      153.0,
      144.0,
      110.0,
      123.0,
      159.0
    ],
    [
      104.0,
      115.0,
      70.7,
      93.0,
      159.0,
      81.4,
      109.0,
      45.5,
      116.0,
      128.0,
      121.0,
      128.0,
      135.0,
      62.7,
      99.7,
      32.0,
      92.6,
      60.8,
      119.0,
      17.8,
      24.1,
      25.9,
      9.2,
      0,
      21.9,
      56.9,
      46.7,
      54.5,
      90.0,
      57.8,
      94.0,
      55.3,
      59.4,
      105.0,
      106.0,
      133.0,
      109.0,
      146.0,
      123.0,
      143.0,
      149.0,
      186.0,
      165.0,
      187.0,
      194.0,
      174.0,
      199.0,
      197.0,
      178.0,
      153.0,
      157.0,
      166.0,
      149.0,
      175.0,
      129.0,
      170.0,
      171.0,
      141.0,
      109.0,
      121.0,
      113.0,
      114.0,
      120.0,
      133.0,
      133.0,
      135.0,
      149.0,
      80.6,
      113.0,
      115.0,
      147.0,
      141.0,
      156.0,
      147.0,
      112.0,
      126.0,
      162.0
    ],
    [
      81.0,
      70.7,
      47.4,
      66.1,
      144.0,
      69.6,
      85.8,
      22.2,
      101.0,
      113.0,
      98.1,
      105.0,
      112.0,
      56.0,
      77.0,
      10.9,
      69.3,
      37.5,
      74.2,
      14.0,
      35.3,
      29.3,
      19.4,
      21.9,
      0,
      33.9,
      23.8,
      31.6,
      67.1,
      34.9,
      64.0,
      58.6,
      62.8,
      79.2,
      90.9,
      118.0,
      93.6,
      131.0,
      108.0,
      128.0,
      134.0,
      171.0,
      150.0,
      172.0,
      179.0,
      158.0,
      184.0,
      182.0,
      163.0,
      138.0,
      142.0,
      151.0,
      127.0,
      154.0,
      107.0,
      148.0,
      150.0,
      120.0,
      85.9,
      98.3,
      90.5,
      92.1,
      96.8,
      110.0,
      122.0,
      112.0,
      126.0,
      57.6,
      90.3,
      92.3,
      124.0,
      119.0,
      133.0,
      124.0,
      89.5,
      103.0,
      139.0
    ],
    [
      74.2,
      70.9,
      40.5,
      74.4,
      152.0,
      77.9,
      78.9,
      19.0,
      109.0,
      121.0,
      91.2,
      98.0,
      105.0,
      73.7,
      85.3,
      22.0,
      62.5,
      27.2,
      74.4,
      49.0,
      70.3,
      64.2,
      54.3,
      56.9,
      33.9,
      0,
      11.1,
      38.3,
      60.2,
      40.6,
      70.8,
      93.7,
      76.0,
      86.0,
      97.6,
      125.0,
      100.0,
      138.0,
      115.0,
      134.0,
      141.0,
      178.0,
      157.0,
      179.0,
      186.0,
      165.0,
      191.0,
      189.0,
      169.0,
      145.0,
      149.0,
      158.0,
      134.0,
      160.0,
      114.0,
      155.0,
      156.0,
      126.0,
      79.0,
      91.4,
      118.0,
      133.0,
      89.9,
      103.0,
      115.0,
      105.0,
      119.0,
      50.8,
      83.4,
      69.0,
      74.6,
      112.0,
      126.0,
      117.0,
      82.6,
      96.0,
      132.0
    ],
    [
      65.2,
      61.9,
      31.5,
      63.9,
      142.0,
      67.4,
      69.9,
      8.1,
      98.6,
      111.0,
      82.2,
      89.0,
      96.3,
      63.6,
      74.8,
      12.0,
      53.5,
      18.2,
      65.5,
      38.8,
      60.1,
      54.1,
      44.2,
      46.7,
      23.8,
      11.1,
      0,
      28.1,
      51.2,
      30.3,
      60.6,
      83.5,
      65.8,
      75.8,
      87.5,
      115.0,
      90.2,
      128.0,
      105.0,
      124.0,
      131.0,
      168.0,
      147.0,
      169.0,
      176.0,
      155.0,
      181.0,
      179.0,
      159.0,
      135.0,
      138.0,
      148.0,
      123.0,
      150.0,
      103.0,
      144.0,
      146.0,
      116.0,
      70.0,
      82.4,
      109.0,
      88.7,
      80.9,
      93.7,
      106.0,
      95.9,
      110.0,
      41.7,
      74.3,
      76.4,
      108.0,
      103.0,
      117.0,
      108.0,
      73.6,
      86.9,
      123.0
    ],
    [
      65.3,
      48.4,
      24.3,
      43.6,
      121.0,
      44.6,
      70.1,
      22.3,
      78.2,
      90.2,
      82.4,
      75.9,
      96.5,
      38.2,
      54.5,
      22.7,
      53.6,
      17.8,
      52.0,
      46.6,
      67.9,
      61.9,
      51.9,
      54.5,
      31.6,
      38.3,
      28.1,
      0,
      37.7,
      12.4,
      41.3,
      49.9,
      41.5,
      56.5,
      68.2,
      95.5,
      70.9,
      108.0,
      85.3,
      105.0,
      112.0,
      148.0,
      127.0,
      150.0,
      156.0,
      136.0,
      161.0,
      159.0,
      140.0,
      116.0,
      119.0,
      128.0,
      104.0,
      131.0,
      84.0,
      125.0,
      127.0,
      96.8,
      48.0,
      61.2,
      67.8,
      69.4,
      55.4,
      66.4,
      63.1,
      96.1,
      111.0,
      41.9,
      74.5,
      76.6,
      108.0,
      103.0,
      117.0,
      108.0,
      73.7,
      87.1,
      123.0
    ],
    [
      55.8,
      32.0,
      18.0,
      62.3,
      135.0,
      78.5,
      60.6,
      42.3,
      92.3,
      104.0,
      72.9,
      41.6,
      87.0,
      77.1,
      54.3,
      59.9,
      33.1,
      27.0,
      31.0,
      82.1,
      103.0,
      97.4,
      87.5,
      90.0,
      67.1,
      60.2,
      51.2,
      37.7,
      0,
      29.4,
      63.3,
      91.3,
      91.5,
      68.6,
      82.8,
      110.0,
      85.6,
      123.0,
      99.9,
      120.0,
      126.0,
      163.0,
      142.0,
      164.0,
      171.0,
      150.0,
      176.0,
      174.0,
      155.0,
      130.0,
      134.0,
      143.0,
      105.0,
      131.0,
      84.6,
      126.0,
      127.0,
      97.4,
      19.1,
      26.1,
      46.9,
      62.2,
      16.0,
      37.3,
      34.1,
      64.5,
      79.0,
      26.8,
      61.7,
      63.8,
      95.4,
      90.0,
      104.0,
      95.4,
      51.6,
      74.3,
      110.0
    ],
    [
      58.0,
      37.5,
      19.2,
      36.0,
      114.0,
      39.4,
      62.8,
      22.3,
      70.6,
      82.6,
      75.1,
      65.0,
      89.2,
      40.9,
      46.9,
      26.0,
      37.8,
      16.2,
      41.0,
      49.9,
      71.2,
      65.2,
      55.3,
      57.8,
      34.9,
      40.6,
      30.3,
      12.4,
      29.4,
      0,
      32.8,
      51.7,
      43.3,
      48.0,
      59.7,
      87.0,
      62.4,
      100.0,
      76.8,
      96.5,
      103.0,
      140.0,
      119.0,
      141.0,
      148.0,
      127.0,
      153.0,
      151.0,
      131.0,
      107.0,
      111.0,
      120.0,
      95.6,
      122.0,
      75.5,
      117.0,
      118.0,
      88.3,
      40.1,
      57.7,
      51.3,
      60.9,
      47.4,
      55.4,
      52.1,
      90.5,
      105.0,
      31.9,
      66.9,
      69.0,
      101.0,
      95.2,
      110.0,
      101.0,
      60.9,
      79.5,
      115.0
    ],
    [
      92.6,
      30.5,
      52.0,
      2.9,
      81.7,
      8.2,
      97.4,
      54.2,
      38.6,
      50.6,
      110.0,
      63.6,
      124.0,
      14.4,
      14.9,
      55.2,
      78.7,
      48.4,
      34.5,
      87.5,
      80.1,
      76.5,
      88.1,
      94.0,
      64.0,
      70.8,
      60.6,
      41.3,
      63.3,
      32.8,
      0,
      37.1,
      37.2,
      15.9,
      28.6,
      55.9,
      31.3,
      68.8,
      45.7,
      65.4,
      72.0,
      109.0,
      87.8,
      110.0,
      117.0,
      96.1,
      122.0,
      120.0,
      100.0,
      76.0,
      79.6,
      88.8,
      64.5,
      91.2,
      44.4,
      85.4,
      87.2,
      57.2,
      58.5,
      55.5,
      28.2,
      29.8,
      52.6,
      54.0,
      48.0,
      86.4,
      101.0,
      63.8,
      102.0,
      104.0,
      136.0,
      130.0,
      145.0,
      136.0,
      83.3,
      115.0,
      151.0
    ],
    [
      121.0,
      58.5,
      70.9,
      36.3,
      102.0,
      24.6,
      125.0,
      69.7,
      59.3,
      71.2,
      138.0,
      91.7,
      152.0,
      17.0,
      43.0,
      68.4,
      107.0,
      67.2,
      62.6,
      48.8,
      41.4,
      37.9,
      49.4,
      55.3,
      58.6,
      93.7,
      83.5,
      49.9,
      91.3,
      51.7,
      37.1,
      0,
      11.2,
      48.8,
      49.8,
      77.1,
      52.5,
      90.0,
      66.9,
      86.6,
      93.2,
      130.0,
      109.0,
      131.0,
      138.0,
      117.0,
      143.0,
      141.0,
      122.0,
      97.2,
      101.0,
      110.0,
      92.4,
      119.0,
      72.7,
      113.0,
      115.0,
      85.1,
      86.8,
      83.8,
      56.5,
      58.1,
      80.9,
      82.3,
      76.3,
      115.0,
      129.0,
      109.0,
      130.0,
      132.0,
      164.0,
      159.0,
      173.0,
      164.0,
      112.0,
      143.0,
      179.0
    ],
    [
      121.0,
      58.7,
      62.6,
      36.4,
      103.0,
      24.8,
      126.0,
      61.3,
      59.5,
      71.4,
      138.0,
      91.8,
      152.0,
      12.7,
      43.1,
      60.4,
      107.0,
      58.8,
      62.7,
      53.0,
      45.5,
      42.0,
      53.6,
      59.4,
      62.8,
      76.0,
      65.8,
      41.5,
      91.5,
      43.3,
      37.2,
      11.2,
      0,
      49.0,
      49.9,
      77.3,
      52.7,
      90.2,
      67.0,
      86.7,
      93.3,
      130.0,
      109.0,
      131.0,
      138.0,
      117.0,
      143.0,
      141.0,
      122.0,
      97.4,
      101.0,
      110.0,
      92.5,
      119.0,
      72.9,
      113.0,
      115.0,
      85.2,
      86.9,
      84.0,
      56.6,
      58.2,
      81.1,
      82.4,
      76.5,
      115.0,
      129.0,
      74.3,
      130.0,
      133.0,
      164.0,
      159.0,
      173.0,
      164.0,
      112.0,
      143.0,
      179.0
    ],
    [
      98.0,
      35.8,
      67.2,
      13.1,
      64.6,
      16.8,
      103.0,
      69.3,
      21.5,
      33.4,
      115.0,
      68.9,
      129.0,
      21.8,
      17.3,
      70.3,
      84.1,
      63.6,
      39.8,
      98.6,
      91.2,
      87.6,
      99.2,
      105.0,
      79.2,
      86.0,
      75.8,
      56.5,
      68.6,
      48.0,
      15.9,
      48.8,
      49.0,
      0,
      9.8,
      39.1,
      13.3,
      52.1,
      28.9,
      48.6,
      55.2,
      92.1,
      71.0,
      93.3,
      99.9,
      79.4,
      105.0,
      103.0,
      83.6,
      59.3,
      62.8,
      72.1,
      55.3,
      81.9,
      35.2,
      76.2,
      77.9,
      48.0,
      63.8,
      60.8,
      30.0,
      33.1,
      57.9,
      59.3,
      53.3,
      91.7,
      106.0,
      85.7,
      107.0,
      109.0,
      141.0,
      136.0,
      150.0,
      141.0,
      88.6,
      120.0,
      156.0
    ],
    [
      112.0,
      50.0,
      78.9,
      27.8,
      59.0,
      25.4,
      117.0,
      81.0,
      17.2,
      27.8,
      129.0,
      83.2,
      143.0,
      35.5,
      34.4,
      82.0,
      98.3,
      75.2,
      54.1,
      99.5,
      92.1,
      88.6,
      100.0,
      106.0,
      90.9,
      97.6,
      87.5,
      68.2,
      82.8,
      59.7,
      28.6,
      49.8,
      49.9,
      9.8,
      0,
      33.1,
      8.5,
      46.0,
      23.5,
      42.5,
      49.1,
      86.1,
      65.0,
      87.2,
      93.9,
      73.3,
      98.9,
      96.8,
      77.5,
      53.2,
      56.7,
      66.0,
      43.2,
      69.8,
      31.2,
      64.1,
      65.8,
      35.9,
      77.4,
      74.4,
      47.1,
      48.7,
      71.5,
      72.9,
      66.9,
      105.0,
      120.0,
      99.3,
      121.0,
      123.0,
      155.0,
      149.0,
      164.0,
      155.0,
      102.0,
      134.0,
      169.0
    ],
    [
      140.0,
      77.4,
      106.0,
      55.1,
      25.3,
      64.2,
      144.0,
      108.0,
      20.8,
      8.6,
      157.0,
      111.0,
      171.0,
      62.9,
      61.8,
      109.0,
      126.0,
      103.0,
      81.4,
      127.0,
      119.0,
      116.0,
      127.0,
      133.0,
      118.0,
      125.0,
      115.0,
      95.5,
      110.0,
      87.0,
      55.9,
      77.1,
      77.3,
      39.1,
      33.1,
      0,
      30.7,
      18.0,
      13.2,
      14.0,
      20.8,
      59.2,
      38.1,
      60.4,
      67.0,
      46.4,
      72.0,
      70.0,
      50.6,
      24.7,
      28.2,
      33.7,
      64.4,
      76.1,
      52.5,
      85.3,
      87.1,
      57.1,
      106.0,
      103.0,
      75.3,
      76.9,
      99.7,
      101.0,
      95.1,
      133.0,
      148.0,
      127.0,
      149.0,
      151.0,
      183.0,
      177.0,
      192.0,
      183.0,
      130.0,
      162.0,
      198.0
    ],
    [
      115.0,
      52.8,
      81.7,
      30.5,
      55.9,
      27.1,
      120.0,
      83.8,
      8.1,
      24.7,
      132.0,
      85.9,
      146.0,
      38.3,
      37.2,
      84.8,
      101.0,
      78.0,
      56.8,
      102.0,
      94.9,
      91.3,
      103.0,
      109.0,
      93.6,
      100.0,
      90.2,
      70.9,
      85.6,
      62.4,
      31.3,
      52.5,
      52.7,
      13.3,
      8.5,
      30.7,
      0,
      43.0,
      15.6,
      39.5,
      46.1,
      83.0,
      61.9,
      84.2,
      90.8,
      70.2,
      95.8,
      93.8,
      74.5,
      50.2,
      53.7,
      63.0,
      44.2,
      70.8,
      32.2,
      65.0,
      66.8,
      36.9,
      80.1,
      77.2,
      49.9,
      51.4,
      74.3,
      75.6,
      69.7,
      108.0,
      123.0,
      102.0,
      124.0,
      126.0,
      157.0,
      152.0,
      166.0,
      157.0,
      105.0,
      136.0,
      172.0
    ],
    [
      152.0,
      90.3,
      119.0,
      68.0,
      29.0,
      77.2,
      157.0,
      121.0,
      31.0,
      19.0,
      170.0,
      123.0,
      184.0,
      75.8,
      74.7,
      122.0,
      139.0,
      116.0,
      94.3,
      140.0,
      132.0,
      129.0,
      140.0,
      146.0,
      131.0,
      138.0,
      128.0,
      108.0,
      123.0,
      100.0,
      68.8,
      90.0,
      90.2,
      52.1,
      46.0,
      18.0,
      43.0,
      0,
      26.3,
      15.2,
      21.4,
      63.8,
      42.7,
      64.9,
      71.6,
      51.0,
      76.6,
      74.5,
      43.7,
      24.0,
      27.5,
      24.2,
      78.6,
      80.6,
      66.7,
      99.5,
      102.0,
      71.3,
      120.0,
      117.0,
      89.5,
      91.1,
      114.0,
      115.0,
      109.0,
      148.0,
      162.0,
      142.0,
      163.0,
      165.0,
      197.0,
      192.0,
      206.0,
      197.0,
      145.0,
      176.0,
      212.0
    ],
    [
      129.0,
      67.1,
      96.0,
      44.9,
      40.7,
      54.0,
      134.0,
      98.1,
      9.0,
      5.2,
      146.0,
      100.0,
      160.0,
      52.6,
      51.6,
      99.1,
      115.0,
      92.4,
      71.2,
      117.0,
      109.0,
      106.0,
      117.0,
      123.0,
      108.0,
      115.0,
      105.0,
      85.3,
      99.9,
      76.8,
      45.7,
      66.9,
      67.0,
      28.9,
      23.5,
      13.2,
      15.6,
      26.3,
      0,
      24.3,
      30.9,
      67.8,
      46.7,
      69.0,
      75.6,
      55.0,
      80.6,
      78.6,
      59.3,
      34.9,
      38.5,
      39.0,
      50.5,
      84.7,
      38.5,
      71.4,
      73.2,
      43.2,
      95.1,
      92.2,
      64.8,
      66.4,
      89.2,
      90.6,
      84.6,
      123.0,
      138.0,
      117.0,
      139.0,
      141.0,
      172.0,
      167.0,
      181.0,
      172.0,
      120.0,
      151.0,
      187.0
    ],
    [
      149.0,
      86.8,
      116.0,
      64.6,
      14.0,
      73.7,
      154.0,
      118.0,
      31.9,
      21.7,
      166.0,
      120.0,
      180.0,
      72.3,
      71.3,
      119.0,
      135.0,
      112.0,
      90.9,
      136.0,
      129.0,
      125.0,
      137.0,
      143.0,
      128.0,
      134.0,
      124.0,
      105.0,
      120.0,
      96.5,
      65.4,
      86.6,
      86.7,
      48.6,
      42.5,
      14.0,
      39.5,
      15.2,
      24.3,
      0,
      7.8,
      49.9,
      28.8,
      51.0,
      57.7,
      37.1,
      62.7,
      60.6,
      41.3,
      11.1,
      14.6,
      24.5,
      73.8,
      66.8,
      61.8,
      94.7,
      88.1,
      66.5,
      115.0,
      112.0,
      84.6,
      86.2,
      109.0,
      110.0,
      104.0,
      143.0,
      157.0,
      137.0,
      158.0,
      161.0,
      192.0,
      187.0,
      201.0,
      192.0,
      140.0,
      171.0,
      207.0
    ],
    [
      156.0,
      93.4,
      122.0,
      71.2,
      7.1,
      80.3,
      160.0,
      124.0,
      38.5,
      24.7,
      173.0,
      127.0,
      187.0,
      79.0,
      77.9,
      125.0,
      142.0,
      119.0,
      97.5,
      143.0,
      136.0,
      132.0,
      144.0,
      149.0,
      134.0,
      141.0,
      131.0,
      112.0,
      126.0,
      103.0,
      72.0,
      93.2,
      93.3,
      55.2,
      49.1,
      20.8,
      46.1,
      21.4,
      30.9,
      7.8,
      0,
      34.2,
      20.7,
      43.0,
      49.6,
